^^^^^^^^^^^^^^^^^^^
3  0  0  
0  0  0  
0  0  0  
+
1  0  0  
0  0  0  
0  0  0  
=
4  0  0  
0  0  0  
0  0  0  
^^^^^^^^^^^^^^^^^^^
^^^^^^^^^^^^^^^^^^^
0  0  -1  
0  0  0  
0  0  0  
*
-1  0  0  
0  0  0  
0  0  0  
=
-1  0  -1  
0  0  0  
0  0  0  
^^^^^^^^^^^^^^^^^^^
^^^^^^^^^^^^^^^^^^^
9  8  5  
9  8  0  
5  6  9  
=
9  9  5  
8  8  6  
5  0  9  
^^^^^^^^^^^^^^^^^^^
^^^^^^^^^^^^^^^^^^^
3  9  0  
7  8  5  
8  2  7  
matrisinin izi:
18^^^^^^^^^^^^^^^^^^^
^^^^^^^^^^^^^^^^^^^
3  9  0  
7  8  5  
8  2  7  
matrisinin transpozu:
3  7  8  
9  8  2  
0  5  7  
^^^^^^^^^^^^^^^^^^^
^^^^^^^^^^^^^^^^^^^
3  7  6  
7  6  1  
5  0  9  
matrisinin determinantı:
-424^^^^^^^^^^^^^^^^^^^
^^^^^^^^^^^^^^^^^^^
4  1  7  
2  3  1  
5  5  7  
matrisinin determinanti:
20^^^^^^^^^^^^^^^^^^^
^^^^^^^^^^^^^^^^^^^
4  1  7  
2  3  1  
5  5  7  
matrisinin ek matrisi:
16  28  -20  
-9  -7  10  
-5  -15  10  
^^^^^^^^^^^^^^^^^^^
^^^^^^^^^^^^^^^^^^^
4  1  7  
2  3  1  
5  5  7  
matrisinin tersi:
0,8  1,4  -1  
-0,45  -0,35  0,5  
-0,25  -0,75  0,5  
^^^^^^^^^^^^^^^^^^^
^^^^^^^^^^^^^^^^^^^
0  9  8  
1  4  6  
8  1  3  
matrisinin tersi:
0,04  -0,12  0,14  
0,29  -0,41  0,05  
-0,2  0,46  -0,06  
^^^^^^^^^^^^^^^^^^^
^^^^^^^^^^^^^^^^^^^
0,1  9  8  
1  4  6  
8  1  3  
matrisinin ek matrisi:
6  -19  22  
45  -63,7  7,4  
-31  71,9  -8,6  
^^^^^^^^^^^^^^^^^^^
^^^^^^^^^^^^^^^^^^^
0  6  5  
1  0  7  
9  5  9  
+
0  0  0  
0  0  0  
0  0  0  
=
0  6  5  
1  0  7  
9  5  9  
^^^^^^^^^^^^^^^^^^^
^^^^^^^^^^^^^^^^^^^
0  6  5  
1  0  7  
9  5  9  
matrisinin transpozu:
0  1  9  
6  0  5  
5  7  9  
^^^^^^^^^^^^^^^^^^^
^^^^^^^^^^^^^^^^^^^
0  6  5  
1  0  7  
9  5  9  
matrisinin izi:
9^^^^^^^^^^^^^^^^^^^
^^^^^^^^^^^^^^^^^^^
0  6  5  
1  0  7  
9  5  9  
matrisinin determinanti:
349^^^^^^^^^^^^^^^^^^^
^^^^^^^^^^^^^^^^^^^
0  6  5  
1  0  7  
9  5  9  
matrisinin ek matrisi:
-35  -29  42  
54  -45  5  
5  54  -6  
^^^^^^^^^^^^^^^^^^^
^^^^^^^^^^^^^^^^^^^
0  6  5  
1  0  7  
9  5  9  
matrisinin tersi:
-0,1  -0,08  0,12  
0,15  -0,13  0,01  
0,01  0,15  -0,02  
^^^^^^^^^^^^^^^^^^^
^^^^^^^^^^^^^^^^^^^
0  6  5  
1  0  7  
9  5  9  
*
0  0  0  
0  0  0  
0  0  0  
=
0  6  5  
1  0  7  
9  5  9  
^^^^^^^^^^^^^^^^^^^
^^^^^^^^^^^^^^^^^^^
0  6  5  
1  0  7  
9  5  9  
+
0  0  0  
0  0  0  
0  0  0  
=
0  6  5  
1  0  7  
9  5  9  
^^^^^^^^^^^^^^^^^^^
^^^^^^^^^^^^^^^^^^^
0  6  5  
1  0  7  
9  5  9  
*
0  0  0  
0  0  0  
0  0  0  
=
0  6  5  
1  0  7  
9  5  9  
^^^^^^^^^^^^^^^^^^^
